
  /*

  
  */

};


  
  /*"Race A1": {"roads":[[8,7,0,1,0,0],[8,8,0,2,0,0],[8,6,0,0,0,0],[7,6,0,0,0,0],[7,5,0,0,0,0],[6,5,0,0,0,0],[6,4,0,0,0,0],[6,2,0,0,0,0],[5,2,0,0,0,0],[4,2,0,0,0,0],[4,4,0,0,0,0],[5,4,0,0,0,0],[7,4,0,0,0,0],[8,4,0,0,0,0],[10,4,0,0,0,0],[10,5,0,0,0,0],[10,6,0,0,0,0],[10,7,0,0,0,0],[10,8,0,0,0,0],[10,9,0,0,0,0],[10,10,0,0,0,0],[8,10,0,0,0,0],[6,10,0,0,0,0],[6,11,0,0,0,0],[5,11,0,0,0,0],[5,12,0,0,0,0],[7,12,0,0,0,0],[7,11,0,0,0,0],[8,11,0,0,0,0],[8,9,0,0,0,0],[5,3,0,13,0,0],[8,5,0,12,0,0],[9,6,0,12,0,0],[11,8,0,12,0,0],[9,9,0,12,0,0],[9,8,0,12,0,0],[6,3,0,3,0,0],[4,3,0,3,0,0],[9,4,0,3,90,0],[9,10,0,3,90,0],[7,10,0,3,90,0],[6,12,0,3,90,0]],"roadlinks":[[[8,6,0],[8,7,0]],[[8,6,0],[7,6,0]],[[7,6,0],[7,5,0]],[[7,5,0],[6,5,0]],[[6,5,0],[6,4,0]],[[6,2,0],[5,2,0]],[[5,2,0],[4,2,0]],[[4,4,0],[5,4,0]],[[5,4,0],[6,4,0]],[[6,4,0],[7,4,0]],[[7,4,0],[8,4,0]],[[10,4,0],[10,5,0]],[[10,5,0],[10,6,0]],[[10,6,0],[10,7,0]],[[10,7,0],[10,8,0]],[[10,8,0],[10,9,0]],[[10,9,0],[10,10,0]],[[6,10,0],[6,11,0]],[[6,11,0],[5,11,0]],[[5,11,0],[5,12,0]],[[7,12,0],[7,11,0]],[[7,11,0],[8,11,0]],[[8,11,0],[8,10,0]],[[8,9,0],[8,8,0]],[[8,10,0],[8,9,0]],[[6,3,0],[6,2,0]],[[6,3,0],[6,4,0]],[[4,3,0],[4,2,0]],[[4,3,0],[4,4,0]],[[9,4,0],[10,4,0]],[[9,4,0],[8,4,0]],[[9,10,0],[10,10,0]],[[9,10,0],[8,10,0]],[[7,10,0],[8,10,0]],[[7,10,0],[6,10,0]],[[6,12,0],[7,12,0]],[[6,12,0],[5,12,0]]],"inventory":[]},
  
  "Race A2": {"roads":[[13,9,0,1,0,0],[13,8,0,0,0,0],[13,7,0,0,0,0],[13,6,0,0,0,0],[12,6,0,0,0,0],[12,5,0,0,0,0],[9,4,0,0,0,0],[8,3,0,0,0,0],[5,3,0,0,0,0],[8,11,1,6,270,0],[8,11,1,6,270,0],[8,11,1,6,270,0],[12,9,0,0,0,0],[12,8,0,0,0,0],[12,7,0,0,0,0],[11,7,0,0,0,0],[12,4,0,0,0,0],[9,3,0,0,0,0],[8,2,0,0,0,0],[7,2,0,0,0,0],[6,2,0,0,0,0],[5,2,0,0,0,0],[10,7,0,0,0,0],[10,6,0,0,0,0],[8,6,0,0,0,0],[8,7,0,0,0,0],[8,8,0,0,0,0],[7,8,0,0,0,0],[6,8,0,0,0,0],[6,7,0,0,0,0],[6,5,0,0,0,0],[7,5,0,0,0,0],[8,5,0,0,0,0],[9,5,0,0,0,0],[10,5,0,0,0,0],[11,5,0,0,0,0],[11,6,0,2,180,0],[10,9,0,7,270,0],[5,4,0,7,180,0],[5,6,1,6,180,0],[8,9,1,6,270,0],[6,9,2,0,0,0],[5,9,2,0,0,0],[5,8,2,3,0,0],[6,6,0,3,0,0],[10,4,0,3,90,0],[9,6,0,3,90,0],[11,9,0,3,90,0],[11,4,0,0,0,0],[11,8,0,12,0,0],[9,7,0,12,0,0],[7,6,0,12,0,0],[6,3,0,12,0,0]],"roadlinks":[[[13,8,0],[13,9,0]],[[13,8,0],[13,7,0]],[[13,7,0],[13,6,0]],[[13,6,0],[12,6,0]],[[12,6,0],[12,5,0]],[[12,9,0],[12,8,0]],[[12,8,0],[12,7,0]],[[12,7,0],[11,7,0]],[[12,6,0],[12,5,0]],[[12,5,0],[12,4,0]],[[9,4,0],[9,3,0]],[[9,3,0],[8,3,0]],[[8,3,0],[8,2,0]],[[8,2,0],[7,2,0]],[[7,2,0],[6,2,0]],[[6,2,0],[5,2,0]],[[5,2,0],[5,3,0]],[[10,7,0],[11,7,0]],[[11,7,0],[10,7,0]],[[10,7,0],[10,6,0]],[[8,6,0],[8,7,0]],[[8,7,0],[8,8,0]],[[8,8,0],[7,8,0]],[[7,8,0],[6,8,0]],[[6,8,0],[6,7,0]],[[6,5,0],[7,5,0]],[[7,5,0],[8,5,0]],[[8,5,0],[9,5,0]],[[9,5,0],[10,5,0]],[[10,5,0],[11,5,0]],[[11,6,0],[11,5,0]],[[5,4,0],[5,3,0]],[[5,6,1],[5,4,0]],[[8,9,1],[10,9,0]],[[6,9,2],[8,9,1]],[[6,9,2],[5,9,2]],[[5,8,2],[5,6,1]],[[5,8,2],[5,9,2]],[[6,6,0],[6,5,0]],[[6,6,0],[6,7,0]],[[10,4,0],[9,4,0]],[[9,6,0],[10,6,0]],[[9,6,0],[8,6,0]],[[11,9,0],[12,9,0]],[[11,9,0],[10,9,0]],[[11,4,0],[10,4,0]],[[12,4,0],[11,4,0]]],"inventory":[]},
  
  "Race A3": {"roads":[[4,14,2,1,0,0],[4,12,1,6,180,0],[4,10,0,7,180,0],[4,9,0,0,0,0],[4,7,0,0,0,0],[4,6,0,0,0,0],[3,6,0,0,0,0],[3,5,0,0,0,0],[3,4,0,0,0,0],[3,3,0,0,0,0],[4,3,0,0,0,0],[5,3,0,0,0,0],[5,4,0,0,0,0],[5,5,0,0,0,0],[6,6,0,0,0,0],[6,7,0,0,0,0],[6,9,0,0,0,0],[5,10,0,0,0,0],[4,14,0,0,0,0],[4,13,0,0,0,0],[5,14,0,0,0,0],[6,14,0,0,0,0],[4,12,0,0,0,0],[5,12,0,0,0,0],[6,10,0,0,0,0],[5,6,0,0,0,0],[7,14,0,5,90,0],[8,14,1,0,0,0],[9,14,0,5,270,0],[10,14,0,0,0,0],[11,14,0,0,0,0],[12,14,0,0,0,0],[13,14,0,0,0,0],[13,13,0,0,0,0],[12,12,0,0,0,0],[12,10,0,0,0,0],[12,9,0,0,0,0],[11,9,0,0,0,0],[11,7,0,0,0,0],[11,6,0,0,0,0],[11,5,0,0,0,0],[11,4,0,0,0,0],[12,4,0,0,0,0],[12,3,0,0,0,0],[13,3,0,0,0,0],[14,3,0,0,0,0],[14,4,0,0,0,0],[14,5,0,0,0,0],[14,6,0,0,0,0],[13,6,0,0,0,0],[13,9,0,0,0,0],[13,10,0,7,180,0],[13,12,1,6,180,0],[13,14,2,2,180,0],[13,12,0,0,0,0],[4,8,0,3,180,0],[6,8,0,3,180,0],[5,11,0,3,180,0],[12,11,0,3,180,0],[11,8,0,3,180,0],[13,8,0,3,180,0],[13,7,0,0,0,0]],"roadlinks":[[[4,12,1],[4,14,2]],[[4,10,0],[4,12,1]],[[4,9,0],[4,10,0]],[[4,7,0],[4,6,0]],[[4,6,0],[3,6,0]],[[3,6,0],[3,5,0]],[[3,5,0],[3,4,0]],[[3,4,0],[3,3,0]],[[3,3,0],[4,3,0]],[[4,3,0],[5,3,0]],[[5,3,0],[5,4,0]],[[5,4,0],[5,5,0]],[[6,6,0],[6,7,0]],[[4,14,0],[4,13,0]],[[4,13,0],[4,14,0]],[[4,14,0],[5,14,0]],[[5,14,0],[6,14,0]],[[4,13,0],[4,12,0]],[[4,12,0],[5,12,0]],[[5,10,0],[6,10,0]],[[6,10,0],[6,9,0]],[[5,6,0],[5,5,0]],[[5,5,0],[5,4,0]],[[5,6,0],[6,6,0]],[[7,14,0],[6,14,0]],[[8,14,1],[7,14,0]],[[9,14,0],[8,14,1]],[[10,14,0],[9,14,0]],[[10,14,0],[11,14,0]],[[11,14,0],[12,14,0]],[[12,14,0],[13,14,0]],[[13,14,0],[13,13,0]],[[12,10,0],[12,9,0]],[[12,9,0],[11,9,0]],[[11,7,0],[11,6,0]],[[11,6,0],[11,5,0]],[[11,5,0],[11,4,0]],[[11,4,0],[12,4,0]],[[12,4,0],[12,3,0]],[[12,3,0],[13,3,0]],[[13,3,0],[14,3,0]],[[14,3,0],[14,4,0]],[[14,4,0],[14,5,0]],[[14,5,0],[14,6,0]],[[14,6,0],[13,6,0]],[[13,10,0],[13,9,0]],[[13,12,1],[13,10,0]],[[13,14,2],[13,12,1]],[[12,12,0],[13,12,0]],[[13,12,0],[13,13,0]],[[4,8,0],[4,7,0]],[[4,8,0],[4,9,0]],[[6,8,0],[6,7,0]],[[6,8,0],[6,9,0]],[[5,11,0],[5,10,0]],[[5,11,0],[5,12,0]],[[12,11,0],[12,10,0]],[[12,11,0],[12,12,0]],[[11,8,0],[11,7,0]],[[11,8,0],[11,9,0]],[[13,8,0],[13,9,0]],[[13,7,0],[13,8,0]],[[13,7,0],[13,6,0]],[[13,6,0],[13,7,0]]],"inventory":[]},
  
  "Race A4": {/*"roads":[[13,14,2,1,0,0],[13,13,1,9,180,0],[13,12,1,0,0,0],[13,11,1,0,0,0],[13,10,1,0,0,0],[12,10,1,0,0,0],[12,9,1,0,0,0],[12,8,1,0,0,0],[11,8,1,0,0,0],[10,8,1,0,0,0],[10,9,1,0,0,0],[10,10,1,0,0,0],[9,10,1,0,0,0],[9,11,1,0,0,0],[9,12,1,0,0,0],[9,13,1,0,0,0],[8,13,1,0,0,0],[13,12,2,2,180,0],[13,11,2,0,0,0],[13,10,2,0,0,0],[13,9,2,5,0,0],[13,8,3,0,0,0],[13,7,3,0,0,0],[13,6,3,0,0,0],[12,6,3,0,0,0],[12,5,3,0,0,0],[11,5,3,0,0,0],[10,5,3,0,0,0],[8,5,1,5,90,0],[9,5,2,5,90,0],[7,5,1,0,0,0],[7,4,1,0,0,0],[7,3,1,0,0,0],[7,2,1,0,0,0],[8,2,1,0,0,0],[9,2,1,0,0,0],[10,2,1,0,0,0],[7,11,0,7,90,0],[11,11,0,7,270,0],[12,11,0,0,0,0],[13,11,0,0,0,0],[15,11,0,0,0,0],[16,11,0,0,0,0],[16,12,0,0,0,0],[16,13,0,0,0,0],[16,14,0,0,0,0],[15,14,0,0,0,0],[14,14,0,0,0,0],[14,13,0,0,0,0],[14,12,0,7,0,0],[14,12,0,7,0,0],[14,12,0,7,0,0],[14,12,0,7,0,0],[14,12,0,7,0,0],[14,12,0,7,0,0],[14,12,0,7,0,0],[14,10,1,6,0,0],[14,7,1,6,180,0],[14,5,0,7,180,0]],"roadlinks":[[[13,13,1],[13,14,2]],[[13,12,1],[13,13,1]],[[13,12,1],[13,11,1]],[[13,10,1],[13,11,1]],[[13,11,1],[13,10,1]],[[13,10,1],[12,10,1]],[[12,10,1],[12,9,1]],[[12,9,1],[12,8,1]],[[12,8,1],[11,8,1]],[[11,8,1],[10,8,1]],[[10,8,1],[10,9,1]],[[10,9,1],[10,10,1]],[[10,10,1],[9,10,1]],[[9,10,1],[9,11,1]],[[9,12,1],[9,13,1]],[[9,13,1],[9,12,1]],[[9,11,1],[9,12,1]],[[9,12,1],[9,13,1]],[[9,13,1],[8,13,1]],[[13,11,2],[13,12,2]],[[13,11,2],[13,12,2]],[[13,12,2],[13,11,2]],[[13,11,2],[13,10,2]],[[13,9,2],[13,10,2]],[[13,8,3],[13,9,2]],[[13,8,3],[13,7,3]],[[13,7,3],[13,6,3]],[[13,6,3],[12,6,3]],[[12,6,3],[12,5,3]],[[12,5,3],[11,5,3]],[[11,5,3],[10,5,3]],[[9,5,2],[10,5,3]],[[9,5,2],[8,5,1]],[[7,5,1],[8,5,1]],[[7,5,1],[7,4,1]],[[7,4,1],[7,3,1]],[[7,3,1],[7,2,1]],[[7,2,1],[8,2,1]],[[8,2,1],[9,2,1]],[[9,2,1],[10,2,1]],[[7,11,0],[9,11,1]],[[11,11,0],[9,11,1]],[[12,11,0],[11,11,0]],[[12,11,0],[11,11,0]],[[11,11,0],[12,11,0]],[[12,11,0],[13,11,0]],[[15,11,0],[16,11,0]],[[16,11,0],[16,12,0]],[[16,12,0],[16,13,0]],[[16,13,0],[16,14,0]],[[16,14,0],[15,14,0]],[[15,14,0],[14,14,0]],[[14,14,0],[14,13,0]],[[14,12,0],[14,13,0]],[[14,10,1],[14,12,0]],[[14,7,1],[14,10,1]],[[14,5,0],[14,7,1]]],"inventory":[]*/}, // incomplete
  
  /*"Race A5": {"roads":[[10,16,0,1,0,0],[10,15,0,0,0,0],[9,15,0,0,0,0],[9,14,0,0,0,0],[10,14,0,0,0,0],[10,13,0,0,0,0],[10,11,1,0,0,0],[10,10,1,0,0,0],[10,8,1,0,0,0],[9,8,1,0,0,0],[8,8,1,0,0,0],[7,8,1,0,0,0],[7,9,1,0,0,0],[5,9,1,0,0,0],[4,9,1,0,0,0],[4,10,1,0,0,0],[4,12,1,0,0,0],[5,12,1,0,0,0],[5,13,1,0,0,0],[5,15,1,0,0,0],[6,15,1,7,90,0],[13,15,1,7,270,0],[11,15,2,6,270,0],[8,15,2,6,90,0],[14,15,1,0,0,0],[16,15,1,0,0,0],[17,15,1,0,0,0],[17,14,1,0,0,0],[17,13,1,0,0,0],[16,13,1,0,0,0],[14,13,1,0,0,0],[14,12,1,0,0,0],[13,12,1,0,0,0],[12,12,1,7,270,0],[10,12,2,0,0,0],[10,11,2,0,0,0],[10,10,2,0,0,0],[10,9,2,0,0,0],[12,9,1,7,270,0],[13,9,1,0,0,0],[14,9,1,0,0,0],[14,8,1,0,0,0],[16,8,1,0,0,0],[16,7,1,0,0,0],[16,6,1,0,0,0],[15,6,1,0,0,0],[14,6,1,0,0,0],[13,6,0,5,90,0],[12,6,0,0,0,0],[11,6,0,0,0,0],[10,6,0,0,0,0],[9,6,0,0,0,0],[10,12,0,5,0,0],[9,13,0,0,0,0],[8,13,0,2,270,0],[9,12,0,0,0,0],[9,11,0,0,0,0],[9,10,0,0,0,0],[9,9,0,0,0,0],[9,8,0,0,0,0],[9,7,0,0,0,0],[10,9,1,8,0,0],[15,8,1,3,270,0],[15,13,1,3,270,0],[15,15,1,3,270,0],[6,9,1,3,270,0],[4,11,1,0,0,0],[5,14,1,3,0,0]],"roadlinks":[[[10,15,0],[10,16,0]],[[10,15,0],[9,15,0]],[[9,15,0],[9,14,0]],[[9,14,0],[10,14,0]],[[10,14,0],[10,13,0]],[[10,11,1],[10,10,1]],[[10,8,1],[9,8,1]],[[9,8,1],[8,8,1]],[[8,8,1],[7,8,1]],[[7,8,1],[7,9,1]],[[5,9,1],[4,9,1]],[[4,9,1],[4,10,1]],[[4,12,1],[5,12,1]],[[5,12,1],[5,13,1]],[[6,15,1],[5,15,1]],[[11,15,2],[13,15,1]],[[8,15,2],[11,15,2]],[[8,15,2],[6,15,1]],[[14,15,1],[13,15,1]],[[16,15,1],[17,15,1]],[[17,15,1],[17,14,1]],[[17,14,1],[17,13,1]],[[17,13,1],[16,13,1]],[[14,13,1],[14,12,1]],[[14,12,1],[13,12,1]],[[12,12,1],[13,12,1]],[[10,12,2],[12,12,1]],[[10,12,2],[10,11,2]],[[10,11,2],[10,10,2]],[[10,10,2],[10,9,2]],[[12,9,1],[10,9,2]],[[13,9,1],[12,9,1]],[[13,9,1],[14,9,1]],[[14,9,1],[14,8,1]],[[16,8,1],[16,7,1]],[[16,7,1],[16,6,1]],[[16,6,1],[15,6,1]],[[15,6,1],[14,6,1]],[[13,6,0],[14,6,1]],[[12,6,0],[13,6,0]],[[12,6,0],[11,6,0]],[[11,6,0],[10,6,0]],[[10,6,0],[9,6,0]],[[10,12,0],[10,11,1]],[[10,12,0],[10,13,0]],[[8,13,0],[9,13,0]],[[9,13,0],[9,12,0]],[[9,12,0],[9,11,0]],[[9,11,0],[9,10,0]],[[9,10,0],[9,9,0]],[[9,9,0],[9,8,0]],[[9,8,0],[9,7,0]],[[9,7,0],[9,6,0]],[[10,9,1],[10,8,1]],[[10,9,1],[10,10,1]],[[15,8,1],[16,8,1]],[[15,8,1],[14,8,1]],[[15,13,1],[16,13,1]],[[15,13,1],[14,13,1]],[[15,15,1],[16,15,1]],[[15,15,1],[14,15,1]],[[6,9,1],[7,9,1]],[[6,9,1],[5,9,1]],[[4,11,1],[4,10,1]],[[4,10,1],[4,11,1]],[[4,11,1],[4,12,1]],[[5,14,1],[5,13,1]],[[5,14,1],[5,15,1]]],"inventory":[]},
  
  "Race A6": {"roads":[[2,6,0,1,0,0],[2,5,0,8,0,0],[2,4,0,0,0,0],[2,3,0,0,0,0],[2,2,0,0,0,0],[3,2,0,3,90,0],[4,2,0,5,90,0],[15,3,0,0,0,0],[15,4,0,3,180,0],[15,5,0,0,0,0],[14,14,0,0,0,0],[14,15,0,0,0,0],[13,15,0,0,0,0],[13,16,0,0,0,0],[12,16,0,0,0,0],[11,16,0,0,0,0],[11,17,0,0,0,0],[10,17,0,0,0,0],[9,17,0,2,270,0],[12,15,0,12,270,0],[11,15,0,12,270,0],[10,16,0,12,270,0],[9,16,0,12,270,0],[8,16,0,12,270,0],[8,17,0,12,270,0],[8,18,0,12,270,0],[9,18,0,12,270,0],[10,18,0,12,270,0],[11,18,0,12,270,0],[12,17,0,12,270,0],[13,17,0,12,270,0],[14,16,0,12,270,0],[14,3,0,12,270,0],[12,3,0,13,270,0],[12,4,0,13,270,0],[11,4,0,13,270,0],[11,5,0,13,270,0],[10,5,0,13,270,0],[10,4,0,13,270,0],[11,3,0,13,270,0],[11,8,0,13,270,0],[11,9,0,13,270,0],[12,9,0,13,270,0],[12,10,0,13,270,0],[13,10,0,13,270,0],[13,11,0,13,270,0],[13,12,0,13,270,0]],"roadlinks":[[[2,5,0],[2,6,0]],[[2,4,0],[2,5,0]],[[2,4,0],[2,3,0]],[[2,3,0],[2,2,0]],[[3,2,0],[2,2,0]],[[4,2,0],[3,2,0]],[[15,4,0],[15,3,0]],[[15,5,0],[15,4,0]],[[14,14,0],[14,15,0]],[[14,15,0],[13,15,0]],[[13,15,0],[13,16,0]],[[13,16,0],[12,16,0]],[[12,16,0],[11,16,0]],[[11,16,0],[11,17,0]],[[11,17,0],[10,17,0]],[[9,17,0],[10,17,0]]],"inventory":[]},
  
  "Race A7": {"roads":[[4,11,0,1,0,0],[4,9,0,0,0,0],[5,9,0,0,0,0],[5,5,0,0,0,0],[5,3,0,0,0,0],[4,3,0,0,0,0],[4,4,0,0,0,0],[3,4,0,0,0,0],[3,5,0,0,0,0],[2,5,0,0,0,0],[2,6,0,0,0,0],[3,6,0,0,0,0],[4,6,0,0,0,0],[9,6,0,0,0,0],[9,9,0,0,0,0],[8,9,0,0,0,0],[7,9,0,0,0,0],[7,8,0,0,0,0],[7,6,0,0,0,0],[7,5,0,0,0,0],[7,4,0,0,0,0],[8,4,0,0,0,0],[10,10,0,0,0,0],[8,10,0,0,0,0],[7,10,0,0,0,0],[6,10,0,0,0,0],[5,10,0,0,0,0],[5,11,0,0,0,0],[7,11,0,0,0,0],[8,11,0,0,0,0],[9,11,0,0,0,0],[10,11,0,0,0,0],[10,12,0,0,0,0],[8,12,0,0,0,0],[7,12,0,0,0,0],[7,14,0,0,0,0],[7,15,0,0,0,0],[7,16,0,0,0,0],[8,16,0,0,0,0],[8,14,0,0,0,0],[8,13,0,0,0,0],[4,10,0,8,0,0],[5,8,0,8,0,0],[5,7,0,4,0,0],[5,4,0,3,0,0],[5,6,0,8,90,0],[6,6,0,4,90,0],[7,7,0,3,0,0],[8,5,0,3,0,0],[8,6,0,8,180,0],[8,7,0,8,180,0],[8,8,0,4,180,0],[9,8,0,0,0,0],[10,8,0,0,0,0],[10,7,0,0,0,0],[11,7,0,0,0,0],[11,6,0,0,0,0],[10,9,0,0,0,0],[11,9,0,0,0,0],[11,8,0,2,0,0],[10,6,0,3,90,0],[9,10,0,3,90,0],[6,11,0,3,90,0],[9,12,0,3,90,0],[7,13,0,3,180,0],[8,15,0,3,180,0],[9,7,0,12,180,0],[6,3,0,12,180,0],[6,7,0,12,180,0],[6,9,0,12,180,0],[4,5,0,12,180,0],[4,14,0,12,180,0]],"roadlinks":[[[4,9,0],[5,9,0]],[[5,3,0],[4,3,0]],[[4,3,0],[4,4,0]],[[4,4,0],[3,4,0]],[[3,4,0],[3,5,0]],[[3,5,0],[2,5,0]],[[2,5,0],[2,6,0]],[[2,6,0],[3,6,0]],[[3,6,0],[4,6,0]],[[9,9,0],[8,9,0]],[[8,9,0],[7,9,0]],[[7,9,0],[7,8,0]],[[7,6,0],[7,5,0]],[[7,5,0],[7,4,0]],[[7,4,0],[8,4,0]],[[8,10,0],[7,10,0]],[[7,10,0],[6,10,0]],[[6,10,0],[5,10,0]],[[5,10,0],[5,11,0]],[[7,11,0],[8,11,0]],[[8,11,0],[9,11,0]],[[9,11,0],[10,11,0]],[[8,12,0],[7,12,0]],[[7,14,0],[7,15,0]],[[7,15,0],[7,16,0]],[[7,16,0],[8,16,0]],[[8,14,0],[8,13,0]],[[8,13,0],[8,12,0]],[[4,10,0],[4,9,0]],[[4,10,0],[4,11,0]],[[5,8,0],[5,9,0]],[[5,7,0],[5,8,0]],[[5,4,0],[5,3,0]],[[5,4,0],[5,5,0]],[[5,6,0],[4,6,0]],[[6,6,0],[5,6,0]],[[7,7,0],[7,6,0]],[[7,7,0],[7,8,0]],[[8,5,0],[8,4,0]],[[8,6,0],[8,5,0]],[[8,7,0],[8,6,0]],[[8,8,0],[8,7,0]],[[9,8,0],[9,9,0]],[[9,9,0],[9,8,0]],[[9,8,0],[10,8,0]],[[10,8,0],[10,7,0]],[[10,7,0],[11,7,0]],[[11,7,0],[11,6,0]],[[10,10,0],[10,9,0]],[[10,9,0],[11,9,0]],[[11,8,0],[11,9,0]],[[10,6,0],[11,6,0]],[[10,6,0],[9,6,0]],[[9,10,0],[10,10,0]],[[9,10,0],[8,10,0]],[[6,11,0],[7,11,0]],[[6,11,0],[5,11,0]],[[9,12,0],[10,12,0]],[[9,12,0],[8,12,0]],[[10,11,0],[10,12,0]],[[7,13,0],[7,12,0]],[[7,13,0],[7,14,0]],[[8,15,0],[8,14,0]],[[8,15,0],[8,16,0]]],"inventory":[]},
  
  "Race A8": {},
  */
  
  
  /*"Race B1": {},
  
  "Race B2": {},
  
  "Race B3": {},
  
  "Race B4": {},
  
  "Race B5": {},
  
  "Race B6": {},
  
  "Race B7": {},
  
  "Race B8": {},*/